45879	23882	3	3	2	1	2	1	0	0	0	0	0	0	0	0	0	0	0	0	0	0	0	0	0	0	0	0	0	0	0	0
45880	23882	3	3	2	1	2	1	0	0	0	0	0	0	0	0	0	0	4	2	30	10	10	95	105	3000	7	8	9	10	1	4
45881	23882	3	3	2	1	2	2	0	0	0	0	0	0	0	0	0	0	4	2	30	10	10	95	105	3000	7	8	9	10	1	4
45882	23882	3	3	2	1	2	2	0	0	0	0	0	0	0	0	0	0	5	2	30	10	10	95	105	3000	7	8	9	10	1	4
45885	23882	3	3	2	1	2	2	0	0	0	0	0	0	0	0	0	0	5	2	30	10	10	95	105	3000	7	8	9	10	1	4
45890	23882	3	3	2	1	2	2	0	0	0	0	0	0	0	0	0	0	2	2	30	10	10	95	105	3000	7	8	9	10	1	4
45890	23882	3	3	2	1	2	2	0	0	0	0	0	0	0	0	0	0	2	2	30	10	10	95	105	3000	7	8	9	10	1	4
45890	23882	3	3	2	1	2	2	0	0	0	0	0	0	0	0	0	0	2	2	30	10	10	95	105	3000	7	8	9	10	1	4
46179	23882	3	3	2	1	2	1	0	0	0	0	0	0	0	0	0	0	2	2	30	10	10	95	105	3000	7	8	9	10	1	4
46219	23882	3	3	2	1	2	1	0	0	0	0	0	0	0	0	0	0	2	2	30	10	10	95	105	3000	7	8	9	10	1	4
46252	23882	3	3	2	1	2	1	0	0	0	0	0	0	0	0	0	0	3	2	30	10	10	95	105	3000	7	8	9	10	1	4
46252	23882	3	3	2	1	2	1	0	0	0	0	0	0	0	0	0	0	3	2	30	10	10	95	105	3000	7	8	9	10	1	4
46252	23882	3	3	2	1	2	1	0	0	0	0	0	0	0	0	0	0	3	2	30	10	10	95	105	3000	7	8	9	10	1	4
46509	23882	3	3	2	1	2	1	0	0	0	0	0	0	0	0	0	0	3	2	30	10	10	95	105	3000	7	8	9	10	1	4
46544	23882	3	3	2	1	2	1	0	0	0	0	0	0	0	0	0	0	5	1	30	10	10	95	105	3000	7	8	9	10	1	4
46564	23882	3	3	2	1	2	2	0	0	0	0	0	0	0	0	0	0	5	0	30	10	10	95	105	3000	7	8	9	10	1	4
46564	23882	3	3	2	1	2	2	0	0	0	0	0	0	0	0	0	0	5	0	30	10	10	95	105	3000	7	8	9	10	1	4
46564	23882	3	3	2	1	2	2	0	0	0	0	0	0	0	0	0	0	5	0	30	10	10	95	105	3000	7	8	9	10	1	4
46564	23882	3	3	2	1	2	2	0	0	0	0	0	0	0	0	0	0	5	0	30	10	10	95	105	3000	7	8	9	10	1	4
46564	23882	3	3	2	1	2	2	0	0	0	0	0	0	0	0	0	0	5	0	30	10	10	95	105	3000	7	8	9	10	1	4
47263	23882	3	3	2	1	2	1	0	0	0	0	0	0	0	0	0	0	5	0	30	10	10	95	105	3000	7	8	9	10	1	4
47266	23882	3	3	2	1	2	1	0	0	0	0	0	0	0	0	0	0	5	1	30	10	10	95	105	3000	7	8	9	10	1	4
47267	23882	3	3	2	1	2	1	0	0	0	0	0	0	0	0	0	0	5	0	30	10	10	95	105	3000	7	8	9	10	1	4
47282	23882	3	3	2	1	2	1	0	0	0	0	0	0	0	0	0	0	5	1	30	10	10	95	105	3000	7	8	9	10	1	4
47282	23882	3	3	2	1	2	1	0	0	0	0	0	0	0	0	0	0	5	1	30	10	10	95	105	3000	7	8	9	10	1	4
47282	23882	3	3	2	1	2	1	0	0	0	0	0	0	0	0	0	0	5	1	30	10	10	95	105	3000	7	8	9	10	1	4
47282	23882	3	3	2	1	2	1	0	0	0	0	0	0	0	0	0	0	5	1	30	10	10	95	105	3000	7	8	9	10	1	4
47892	23882	3	3	2	1	2	1	0	0	0	0	0	0	0	0	0	0	5	1	30	10	10	95	105	3000	7	8	9	10	1	4
47892	23882	3	3	2	1	2	1	0	0	0	0	0	0	0	0	0	0	5	1	30	10	10	95	105	3000	7	8	9	10	1	4
47930	23882	3	3	2	1	2	1	0	0	0	0	0	0	0	0	0	0	5	1	30	10	10	95	105	3000	7	8	9	10	1	4
47940	23882	3	3	2	1	2	1	0	0	0	0	0	0	0	0	0	0	5	1	30	10	10	95	105	3000	7	8	9	10	1	4
47941	23882	3	3	2	1	2	1	0	0	0	0	0	0	0	0	0	0	3	1	30	10	10	95	105	3000	7	8	9	10	1	4
47942	23882	3	3	2	1	2	1	0	0	0	0	0	0	0	0	0	0	5	0	30	10	10	95	105	3000	7	8	9	10	1	4
47943	23882	3	3	2	1	2	1	0	0	0	0	0	0	0	0	0	0	3	0	30	10	10	95	105	3000	7	8	9	10	1	4
47944	23882	3	3	2	1	2	1	0	0	0	0	0	0	0	0	0	0	3	1	30	10	10	95	105	3000	7	8	9	10	1	4
47944	23882	3	3	2	1	2	1	0	0	0	0	0	0	0	0	0	0	3	1	30	10	10	95	105	3000	7	8	9	10	1	4
47959	23882	3	3	2	1	2	1	0	0	0	0	0	0	0	0	0	0	3	1	30	10	10	95	105	3000	7	8	9	10	1	4
47965	23882	3	3	2	1	2	1	0	0	0	0	0	0	0	0	0	0	3	1	30	10	10	95	105	3000	7	8	9	10	1	4
48078	23882	3	3	2	1	2	1	0	0	0	0	0	0	0	0	0	0	3	1	30	10	10	95	105	3000	7	8	9	10	1	4
48079	23882	3	3	2	1	2	1	0	0	0	0	0	0	0	0	0	0	3	0	30	10	10	95	105	3000	7	8	9	10	1	4
48080	23882	3	3	2	1	2	1	0	0	0	0	0	0	0	0	0	0	5	1	30	10	10	95	105	3000	7	8	9	10	1	4
48080	23882	3	3	2	1	2	1	0	0	0	0	0	0	0	0	0	0	5	1	30	10	10	95	105	3000	7	8	9	10	1	4
48096	23882	3	3	2	1	2	1	0	0	0	0	0	0	0	0	0	0	5	1	30	10	10	95	105	3000	7	8	9	10	1	4
48096	23882	3	3	2	1	2	1	0	0	0	0	0	0	0	0	0	0	5	1	30	10	10	95	105	3000	7	8	9	10	1	4
48096	23882	3	3	2	1	2	1	0	0	0	0	0	0	0	0	0	0	5	1	30	10	10	95	105	3000	7	8	9	10	1	4
48096	23882	3	3	2	1	2	1	0	0	0	0	0	0	0	0	0	0	5	1	30	10	10	95	105	3000	7	8	9	10	1	4
48096	23882	3	3	2	1	2	1	0	0	0	0	0	0	0	0	0	0	5	1	30	10	10	95	105	3000	7	8	9	10	1	4
48434	23882	3	3	2	1	2	1	0	0	0	0	0	0	0	0	0	0	5	1	30	10	10	95	105	3000	7	8	9	10	1	4
48437	23882	3	3	2	1	2	1	0	0	0	0	0	0	0	0	0	0	5	1	30	10	10	95	105	3000	7	8	9	10	1	4
48437	23882	3	3	2	1	2	1	0	0	0	0	0	0	0	0	0	0	5	1	30	10	10	95	105	3000	7	8	9	10	1	4
48437	23882	3	3	2	1	2	1	0	0	0	0	0	0	0	0	0	0	5	1	30	10	10	95	105	3000	7	8	9	10	1	4
48682	23882	3	3	2	1	2	1	0	0	0	0	0	0	0	0	0	0	5	1	30	10	10	95	105	3000	7	8	9	10	1	4
48698	23882	3	3	2	1	2	1	0	0	0	0	0	0	0	0	0	0	5	1	30	10	10	95	105	3000	7	8	9	10	1	4
48698	23882	3	3	2	1	2	1	0	0	0	0	0	0	0	0	0	0	5	1	30	10	10	95	105	3000	7	8	9	10	1	4
48760	23882	3	3	2	1	2	1	0	0	0	0	0	0	0	0	0	0	5	1	30	10	10	95	105	3000	7	8	9	10	1	4
48760	23882	3	3	2	1	2	1	0	0	0	0	0	0	0	0	0	0	5	1	30	10	10	95	105	3000	7	8	9	10	1	4
49149	23882	3	3	2	1	2	1	0	0	0	0	0	0	0	0	0	0	5	1	30	10	10	95	105	3000	7	8	9	10	1	4
49154	23882	3	3	2	1	2	1	0	0	0	0	0	0	0	0	0	0	5	1	30	10	10	95	105	3000	7	8	9	10	1	4
49155	23882	3	3	2	1	2	1	0	0	0	0	0	0	0	0	0	0	5	0	30	10	10	95	105	3000	7	8	9	10	1	4
49155	23882	3	3	2	1	2	1	0	0	0	0	0	0	0	0	0	0	5	0	30	10	10	95	105	3000	7	8	9	10	1	4
49155	23882	3	3	2	1	2	1	0	0	0	0	0	0	0	0	0	0	5	0	30	10	10	95	105	3000	7	8	9	10	1	4
49372	23882	3	3	2	1	2	1	0	0	0	0	0	0	0	0	0	0	5	0	30	10	10	95	105	3000	7	8	9	10	1	4
49382	23882	3	3	2	1	2	1	0	0	0	0	0	0	0	0	0	0	3	1	30	10	10	95	105	3000	7	8	9	10	1	4
49430	23882	3	3	2	1	2	1	0	0	0	0	0	0	0	0	0	0	3	0	30	10	10	95	105	3000	7	8	9	10	1	4
49439	23882	3	3	2	1	2	1	0	0	0	0	0	0	0	0	0	0	3	1	30	10	10	95	105	3000	7	8	9	10	1	4
49439	23882	3	3	2	1	2	1	0	0	0	0	0	0	0	0	0	0	3	1	30	10	10	95	105	3000	7	8	9	10	1	4
49495	23882	3	3	2	1	2	1	0	0	0	0	0	0	0	0	0	0	3	1	30	10	10	95	105	3000	7	8	9	10	1	4
49506	23882	3	3	2	1	2	1	0	0	0	0	0	0	0	0	0	0	3	1	30	10	10	95	105	3000	7	8	9	10	1	4
49648	23882	3	3	2	1	2	1	0	0	0	0	0	0	0	0	0	0	3	0	30	10	10	95	105	3000	7	8	9	10	1	4
49648	23882	3	3	2	1	2	1	0	0	0	0	0	0	0	0	0	0	3	0	30	10	10	95	105	3000	7	8	9	10	1	4
49690	23882	3	3	2	1	2	1	0	0	0	0	0	0	0	0	0	0	3	1	30	10	10	95	105	3000	7	8	9	10	1	4
49740	23882	3	3	2	1	2	1	0	0	0	0	0	0	0	0	0	0	3	0	30	10	10	95	105	3000	7	8	9	10	1	4
49740	23882	3	3	2	1	2	1	0	0	0	0	0	0	0	0	0	0	3	0	30	10	10	95	105	3000	7	8	9	10	1	4
49740	23882	3	3	2	1	2	1	0	0	0	0	0	0	0	0	0	0	3	0	30	10	10	95	105	3000	7	8	9	10	1	4
49883	23882	3	3	2	2	2	1	0	0	0	0	0	0	0	0	0	0	4	1	30	10	10	95	105	3000	7	8	9	10	1	4
50819	23882	3	3	2	1	2	1	0	0	0	0	0	0	0	0	0	0	4	1	30	10	10	95	105	3000	7	8	9	10	1	4
50835	23882	3	3	2	1	2	1	0	0	0	0	0	0	0	0	0	0	3	1	30	10	10	95	105	3000	7	8	9	10	1	4
50855	23882	3	3	2	1	2	1	0	0	0	0	0	0	0	0	0	0	3	0	30	10	10	95	105	3000	7	8	9	10	1	4
51043	23882	3	3	2	1	2	1	0	0	0	0	0	0	0	0	0	0	3	0	30	10	10	95	105	3000	7	8	9	10	1	4
51056	23882	3	3	2	1	2	1	0	0	0	0	0	0	0	0	0	0	3	1	30	10	10	95	105	3000	7	8	9	10	1	4
51100	23882	3	3	2	1	2	1	0	0	0	0	0	0	0	0	0	0	3	1	30	10	10	95	105	3000	7	8	9	10	1	4
51113	23882	3	3	2	1	2	2	0	0	0	0	0	0	0	0	0	0	6	1	30	10	10	95	105	3000	7	8	9	10	1	4
51140	23882	3	3	2	1	2	1	0	0	0	0	0	0	0	0	0	0	6	1	30	10	10	95	105	3000	7	8	9	10	1	4
51142	23882	3	3	2	1	2	1	0	0	0	0	0	0	0	0	0	0	6	1	30	10	10	95	105	3000	7	8	9	10	1	4
51403	23882	3	3	2	2	2	1	0	0	0	0	0	0	0	0	0	0	4	1	30	10	10	95	105	3000	7	8	9	10	1	4
51427	23882	3	3	2	1	2	1	0	0	0	0	0	0	0	0	0	0	4	1	30	10	10	95	105	3000	7	8	9	10	1	4
51429	23882	3	3	2	1	2	1	0	0	0	0	0	0	0	0	0	0	4	1	30	10	10	95	105	3000	7	8	9	10	1	4
51881	23882	3	3	2	1	2	2	0	0	0	0	0	0	0	0	0	0	6	1	30	10	10	95	105	3000	7	8	9	10	1	4
55832	23882	3	3	2	1	2	1	0	0	0	0	0	0	0	0	0	0	6	1	30	10	10	95	105	3000	7	8	9	10	1	4
55835	23882	3	3	2	1	2	1	0	0	0	0	0	0	0	0	0	0	6	1	30	10	10	95	105	3000	7	8	9	10	1	4
55851	23882	3	3	2	2	2	1	0	0	0	0	0	0	0	0	0	0	4	1	30	10	10	95	105	3000	7	8	9	10	1	4
55966	23882	3	3	2	1	2	1	0	0	0	0	0	0	0	0	0	0	4	1	30	10	10	95	105	3000	7	8	9	10	1	4
55969	23882	3	3	2	1	2	1	0	0	0	0	0	0	0	0	0	0	4	1	30	10	10	95	105	3000	7	8	9	10	1	4
56054	23882	3	3	2	1	2	2	0	0	0	0	0	0	0	0	0	0	6	1	30	10	10	95	105	3000	7	8	9	10	1	4
56055	23882	3	3	2	1	2	2	0	0	0	0	0	0	0	0	0	0	6	0	30	10	10	95	105	3000	7	8	9	10	1	4
56056	23882	3	3	2	1	2	2	0	0	0	0	0	0	0	0	0	0	6	1	30	10	10	95	105	3000	7	8	9	10	1	4
56057	23882	3	3	2	1	2	2	0	0	0	0	0	0	0	0	0	0	6	0	30	10	10	95	105	3000	7	8	9	10	1	4
56072	23882	3	3	2	1	2	2	0	0	0	0	0	0	0	0	0	0	6	1	30	10	10	95	105	3000	7	8	9	10	1	4
56101	23882	3	3	2	1	2	2	0	0	0	0	0	0	0	0	0	0	3	1	30	10	10	95	105	3000	7	8	9	10	1	4
56102	23882	3	3	2	1	2	2	0	0	0	0	0	0	0	0	0	0	3	0	30	10	10	95	105	3000	7	8	9	10	1	4
56103	23882	3	3	2	1	2	2	0	0	0	0	0	0	0	0	0	0	3	1	30	10	10	95	105	3000	7	8	9	10	1	4
56158	23882	3	3	2	1	2	2	0	0	0	0	0	0	0	0	0	0	6	0	30	10	10	95	105	3000	7	8	9	10	1	4
56615	23882	3	3	2	2	2	2	0	0	0	0	0	0	0	0	0	0	4	1	30	10	10	95	105	3000	7	8	9	10	1	4
56634	23882	3	3	2	1	2	1	0	0	0	0	0	0	0	0	0	0	4	1	30	10	10	95	105	3000	7	8	9	10	1	4
56637	23882	3	3	2	1	2	1	0	0	0	0	0	0	0	0	0	0	4	1	30	10	10	95	105	3000	7	8	9	10	1	4
56646	23882	3	3	2	1	2	2	0	0	0	0	0	0	0	0	0	0	6	1	30	10	10	95	105	3000	7	8	9	10	1	4
56648	23882	3	3	2	1	2	2	0	0	0	0	0	0	0	0	0	0	6	0	30	10	10	95	105	3000	7	8	9	10	1	4
56672	23882	3	3	2	1	2	1	0	0	0	0	0	0	0	0	0	0	6	0	30	10	10	95	105	3000	7	8	9	10	1	4
56692	23882	3	3	2	1	2	2	0	0	0	0	0	0	0	0	0	0	6	1	30	10	10	95	105	3000	7	8	9	10	1	4
56693	23882	3	3	2	1	2	2	0	0	0	0	0	0	0	0	0	0	6	0	30	10	10	95	105	3000	7	8	9	10	1	4
56694	23882	3	3	2	1	2	2	0	0	0	0	0	0	0	0	0	0	6	1	30	10	10	95	105	3000	7	8	9	10	1	4
56695	23882	3	3	2	1	2	2	0	0	0	0	0	0	0	0	0	0	6	0	30	10	10	95	105	3000	7	8	9	10	1	4
56836	23882	3	3	2	1	2	1	0	0	0	0	0	0	0	0	0	0	6	0	30	10	10	95	105	3000	7	8	9	10	1	4
56889	23882	3	3	2	1	2	1	0	0	0	0	0	0	0	0	0	0	6	0	30	10	10	95	105	3000	7	8	9	10	1	4
57039	23882	3	3	2	1	2	1	0	0	0	0	0	0	0	0	0	0	6	0	30	10	10	95	105	3000	7	8	9	10	1	4
57617	23882	3	3	2	1	2	2	0	0	0	0	0	0	0	0	0	0	6	1	30	10	10	95	105	3000	7	8	9	10	1	4
57619	23882	3	3	2	1	2	2	0	0	0	0	0	0	0	0	0	0	6	0	30	10	10	95	105	3000	7	8	9	10	1	4
57622	23882	3	3	2	1	2	2	0	0	0	0	0	0	0	0	0	0	6	1	30	10	10	95	105	3000	7	8	9	10	1	4
57622	23882	3	3	2	1	2	2	0	0	0	0	0	0	0	0	0	0	6	0	30	10	10	95	105	3000	7	8	9	10	1	4
57623	23882	3	3	2	1	2	2	0	0	0	0	0	0	0	0	0	0	6	1	30	10	10	95	105	3000	7	8	9	10	1	4
57624	23882	3	3	2	1	2	2	0	0	0	0	0	0	0	0	0	0	6	0	30	10	10	95	105	3000	7	8	9	10	1	4
57624	23882	3	3	2	1	2	2	0	0	0	0	0	0	0	0	0	0	6	1	30	10	10	95	105	3000	7	8	9	10	1	4
57625	23882	3	3	2	1	2	2	0	0	0	0	0	0	0	0	0	0	6	0	30	10	10	95	105	3000	7	8	9	10	1	4
57629	23882	3	3	2	1	2	2	0	0	0	0	0	0	0	0	0	0	6	1	30	10	10	95	105	3000	7	8	9	10	1	4
57641	23882	3	3	2	1	2	2	0	0	0	0	0	0	0	0	0	0	6	0	30	10	10	95	105	3000	7	8	9	10	1	4
57907	23882	3	3	2	2	2	2	0	0	0	0	0	0	0	0	0	0	4	1	30	10	10	95	105	3000	7	8	9	10	1	4
57911	23882	3	3	2	2	2	2	0	0	0	0	0	0	0	0	0	0	4	0	30	10	10	95	105	3000	7	8	9	10	1	4
58457	23882	3	3	2	1	2	2	0	0	0	0	0	0	0	0	0	0	6	1	30	10	10	95	105	3000	7	8	9	10	1	4
58596	23882	3	3	2	1	2	2	0	0	0	0	0	0	0	0	0	0	6	0	30	10	10	95	105	3000	7	8	9	10	1	4
58612	23882	3	3	2	2	2	2	0	0	0	0	0	0	0	0	0	0	4	1	30	10	10	95	105	3000	7	8	9	10	1	4
58701	23882	3	3	2	2	2	2	0	0	0	0	0	0	0	0	0	0	4	1	30	10	10	95	105	3000	7	8	9	10	1	4
58702	23882	3	3	2	2	2	2	0	0	0	0	0	0	0	0	0	0	4	0	30	10	10	95	105	3000	7	8	9	10	1	4
58704	23882	3	3	2	2	2	2	0	0	0	0	0	0	0	0	0	0	4	1	30	10	10	95	105	3000	7	8	9	10	1	4
58704	23882	3	3	2	2	2	2	0	0	0	0	0	0	0	0	0	0	4	0	30	10	10	95	105	3000	7	8	9	10	1	4
58705	23882	3	3	2	2	2	2	0	0	0	0	0	0	0	0	0	0	4	1	30	10	10	95	105	3000	7	8	9	10	1	4
58706	23882	3	3	2	2	2	2	0	0	0	0	0	0	0	0	0	0	4	0	30	10	10	95	105	3000	7	8	9	10	1	4
58715	23882	3	3	2	2	2	2	0	0	0	0	0	0	0	0	0	0	4	1	30	10	10	95	105	3000	7	8	9	10	1	4
61144	23883	3	3	2	2	2	2	0	0	0	0	0	0	0	0	0	0	3	1	30	10	10	95	105	3000	7	8	9	10	1	4
61145	23883	3	3	2	2	2	2	0	0	0	0	0	0	0	0	0	0	4	1	30	10	10	95	105	3000	7	8	9	10	1	4
61145	23883	3	3	2	2	2	2	0	0	0	0	0	0	0	0	0	0	3	0	30	10	10	95	105	3000	7	8	9	10	1	4
61146	23883	3	3	2	2	2	2	0	0	0	0	0	0	0	0	0	0	4	0	30	10	10	95	105	3000	7	8	9	10	1	4
61147	23883	3	3	2	2	2	2	0	0	0	0	0	0	0	0	0	0	6	1	30	10	10	95	105	3000	7	8	9	10	1	4
61149	23883	3	3	2	2	2	2	0	0	0	0	0	0	0	0	0	0	6	0	30	10	10	95	105	3000	7	8	9	10	1	4
62416	23883	1	1	1	1	1	1	1	1	1	1	2	0	0	0	0	0	11	1	30	10	10	95	105	3000	7	8	9	10	1	4
62430	23883	1	1	1	1	1	1	1	1	1	1	2	0	0	0	0	0	11	0	30	10	10	95	105	3000	7	8	9	10	1	4
62438	23883	1	1	1	1	1	2	1	1	1	1	2	0	0	0	0	0	6	1	30	10	10	95	105	3000	7	8	9	10	1	4
62441	23883	1	1	1	1	1	2	1	1	1	1	2	0	0	0	0	0	6	0	30	10	10	95	105	3000	7	8	9	10	1	4
62483	23883	1	1	1	1	1	2	1	2	1	1	2	0	0	0	0	0	8	1	30	10	10	95	105	3000	7	8	9	10	1	4
62484	23883	1	1	1	1	1	2	1	2	1	2	2	0	0	0	0	0	10	1	30	10	10	95	105	3000	7	8	9	10	1	4
17335	23889	1	1	1	1	1	2	2	2	1	2	2	0	0	0	0	0	7	1	30	10	10	95	105	3000	7	8	9	10	1	4	
17336	23889	1	1	1	1	1	2	2	2	2	2	2	0	0	0	0	0	9	1	30	10	10	95	105	3000	7	8	9	10	1	4	
18938	23889	1	1	1	2	1	2	2	2	2	2	2	0	0	0	0	0	4	1	30	10	10	95	105	3000	7	8	9	10	1	4	
19304	23889	1	1	2	2	1	2	2	2	2	2	2	0	0	0	0	0	3	1	30	10	10	95	105	3000	7	8	9	10	1	4	
19307	23889	1	2	2	2	2	2	2	2	2	2	2	0	0	0	0	0	2	1	30	10	10	95	105	3000	7	8	9	10	1	4	
19310	23889	1	2	2	2	2	2	2	2	2	2	2	0	0	0	0	0	3	0	30	10	10	95	105	3000	7	8	9	10	1	4	
