60025	23870	1	0	0	0	0	0	0	0	0	0	0	0	0	0	0	0	0	0	0	0	0	0	0	0	0	0	0	0	0	0
60028	23870	1	1	0	0	0	0	0	0	0	0	0	0	0	0	0	0	2	30	100	10	10	95	105	3000	7	8	9	10	1	4
60033	23870	1	1	0	0	0	0	0	0	0	0	1	0	0	0	0	0	2	30	100	10	10	95	105	3000	7	8	9	10	1	4
60035	23870	1	1	0	0	0	0	0	0	0	0	0	0	0	0	0	0	2	30	100	10	10	95	105	3000	7	8	9	10	1	4
60037	23870	1	0	0	0	0	0	0	0	0	0	0	0	0	0	0	0	2	30	100	10	10	95	105	3000	7	8	9	10	1	4
60039	23870	0	0	0	0	0	0	0	0	0	0	0	0	0	0	0	0	2	30	100	10	10	95	105	3000	7	8	9	10	1	4
60040	23870	0	0	0	0	0	0	0	1	0	0	0	0	0	0	0	0	2	30	100	10	10	95	105	3000	7	8	9	10	1	4
60041	23870	0	0	0	0	0	0	0	0	0	0	0	0	0	0	0	0	2	30	100	10	10	95	105	3000	7	8	9	10	1	4
60359	23870	1	0	0	0	0	0	0	0	0	0	0	0	0	0	0	0	0	0	0	0	0	0	0	0	0	0	0	0	0	0
60360	23870	1	1	0	0	0	0	0	0	0	0	0	0	0	0	0	0	2	30	100	10	10	95	105	3000	7	8	9	10	1	4
60361	23870	1	1	1	0	0	0	0	0	0	0	0	0	0	0	0	0	2	30	100	10	10	95	105	3000	7	8	9	10	1	4
60362	23870	1	0	1	0	0	0	0	0	0	0	0	0	0	0	0	0	2	30	100	10	10	95	105	3000	7	8	9	10	1	4
60363	23870	0	0	1	0	0	0	0	0	0	0	0	0	0	0	0	0	2	30	100	10	10	95	105	3000	7	8	9	10	1	4
60364	23870	0	0	0	0	0	0	0	0	0	0	0	0	0	0	0	0	2	30	100	10	10	95	105	3000	7	8	9	10	1	4
60585	23870	1	0	0	0	0	0	0	0	0	0	0	0	0	0	0	0	0	0	0	0	0	0	0	0	0	0	0	0	0	0
60587	23870	1	0	0	0	0	1	0	0	0	0	0	0	0	0	0	0	2	30	100	10	10	95	105	3000	7	8	9	10	1	4
60588	23870	1	1	0	0	0	1	0	0	0	0	0	0	0	0	0	0	2	30	100	10	10	95	105	3000	7	8	9	10	1	4
3277	23871	0	0	0	0	0	0	0	0	0	1	0	0	0	0	0	0	0	0	0	0	0	0	0	0	0	0	0	0	0	0
3279	23871	0	0	1	0	0	0	0	0	0	1	0	0	0	0	0	0	2	30	100	10	10	95	105	3000	7	8	9	10	1	4
3281	23871	0	0	1	0	0	0	0	0	0	1	0	0	0	0	0	0	2	30	100	10	10	95	105	3000	7	8	9	10	1	4
3283	23871	0	0	1	0	0	0	0	0	0	0	0	0	0	0	0	1	2	30	100	10	10	95	105	3000	7	8	9	10	1	4
3285	23871	0	0	1	0	0	0	0	0	0	0	0	0	0	0	0	1	2	30	100	10	10	95	105	3000	7	8	9	10	1	4
3287	23871	0	0	0	0	0	0	0	0	0	0	0	0	0	0	0	0	2	30	100	10	10	95	105	3000	7	8	9	10	1	4
3289	23871	0	0	0	0	0	1	0	0	0	0	0	0	0	0	0	0	2	30	100	10	10	95	105	3000	7	8	9	10	1	4
3290	23871	0	0	0	0	0	0	0	0	0	0	0	0	0	0	0	0	2	30	100	10	10	95	105	3000	7	8	9	10	1	4
1564413329	3473	23871	0	1	0	0	0	0	0	0	0	0	0	0	0	0	0	0	0	0	0	0	0	0	0	0	0	0	0	0	0	0
1564413332	3476	23871	0	1	0	0	0	1	0	0	0	0	0	0	0	0	0	0	2	30	100	10	10	95	105	3000	7	8	9	10	1	4
1564413334	3478	23871	0	1	0	0	0	1	1	0	0	0	0	0	0	0	0	0	2	30	100	10	10	95	105	3000	7	8	9	10	1	4
1564413336	3480	23871	0	0	0	0	0	1	1	0	0	0	0	0	0	0	0	0	2	30	100	10	10	95	105	3000	7	8	9	10	1	4
1564413337	3481	23871	0	0	0	0	0	0	1	0	0	0	0	0	0	0	0	0	2	30	100	10	10	95	105	3000	7	8	9	10	1	4
1564413338	3482	23871	0	0	0	0	0	0	0	0	0	0	0	0	0	0	0	0	2	30	100	10	10	95	105	3000	7	8	9	10	1	4
4465	23871	1	0	0	0	0	0	0	0	0	0	0	0	0	0	0	0	0	0	0	0	0	0	0	0	0	0	0	0	0	0
4467	23871	1	0	0	0	0	1	0	0	0	0	0	0	0	0	0	0	2	30	100	10	10	95	105	3000	7	8	9	10	1	4
4468	23871	1	1	0	0	0	1	0	0	0	0	0	0	0	0	0	0	2	30	100	10	10	95	105	3000	7	8	9	10	1	4
4473	23871	1	1	0	0	0	1	0	0	0	0	1	0	0	0	0	0	2	30	100	10	10	95	105	3000	7	8	9	10	1	4
4474	23871	1	1	0	0	0	1	0	0	0	0	0	0	0	0	0	0	2	30	100	10	10	95	105	3000	7	8	9	10	1	4
4475	23871	1	1	0	0	0	0	0	0	0	0	0	0	0	0	0	0	2	30	100	10	10	95	105	3000	7	8	9	10	1	4
4476	23871	0	1	0	0	0	0	0	0	0	0	0	0	0	0	0	0	2	30	100	10	10	95	105	3000	7	8	9	10	1	4
4477	23871	0	0	0	0	0	0	0	0	0	0	0	0	0	0	0	0	2	30	100	10	10	95	105	3000	7	8	9	10	1	4
5613	23871	0	0	0	0	0	0	0	0	1	0	0	0	0	0	0	0	0	0	0	0	0	0	0	0	0	0	0	0	0	0
5615	23871	0	0	0	0	0	0	0	0	0	0	0	0	0	0	0	0	2	30	100	10	10	95	105	3000	7	8	9	10	1	4
5617	23871	0	1	0	0	0	0	0	0	0	0	0	0	0	0	0	0	2	30	100	10	10	95	105	3000	7	8	9	10	1	4
5619	23871	0	0	0	0	0	0	0	0	0	0	0	0	0	0	0	0	2	30	100	10	10	95	105	3000	7	8	9	10	1	4
5623	23871	1	0	0	0	0	0	0	0	0	0	0	0	0	0	0	0	2	30	100	10	10	95	105	3000	7	8	9	10	1	4
5624	23871	0	0	0	0	0	0	0	0	0	0	0	0	0	0	0	0	2	30	100	10	10	95	105	3000	7	8	9	10	1	4
5625	23871	0	0	0	0	0	0	1	0	0	0	0	0	0	0	0	0	2	30	100	10	10	95	105	3000	7	8	9	10	1	4
5626	23871	0	0	0	0	0	0	0	0	0	0	0	0	0	0	0	0	2	30	100	10	10	95	105	3000	7	8	9	10	1	4
8003	23871	0	0	1	0	0	0	0	0	0	0	0	0	0	0	0	0	0	0	0	0	0	0	0	0	0	0	0	0	0	0
8005	23871	0	0	0	0	0	0	0	0	0	0	0	0	0	0	0	0	2	30	100	10	10	95	105	3000	7	8	9	10	1	4
8006	23871	0	0	1	0	0	0	0	0	0	0	0	0	0	0	0	0	2	30	100	10	10	95	105	3000	7	8	9	10	1	4
8007	23871	0	0	0	0	0	0	0	0	0	0	0	0	0	0	0	0	2	30	100	10	10	95	105	3000	7	8	9	10	1	4
7597	0	0	0	0	0	0	0	0	0	0	0	0	0	0	0	0	0	0	0	0	0	0	0	0	0	0	0	0	0	0	0
7594	0	0	0	0	0	0	0	0	0	0	0	0	0	0	0	0	0	0	0	0	0	0	0	0	0	0	0	0	0	0	0
54
7594	0	0	0	0	0	0	0	0	0	0	0	0	0	0	0	0	0	0	0	0	0	0	0	0	0	0	0	0	0	0	0
54
54
54
54
54
54
54
54
54
54
54
54
54
54
54
54
54
54
54
54
54
54
54
54
54
54
54
54
54
54
54
54
54
54
54
54
54
54
54
54
54
54
54
54
54
54
54
54
54
54
54
54
54
54
54
54
54
54
54
54
54
54
54
54
54
54
54
54
54
54
54
54
54
54
54
54
54
54
54
54
54
54
54
54
54
54
54
54
54
54
54
54
54
54
54
54
54
54
54
54
54
54
54
54
54
54
54
54
54
54
54
54
54
54
54
54
54
54
54
54
54
54
54
54
54
54
54
54
54
54
54
54
54
54
54
54
54
54
54
54
54
54
54
54
54
54
54
54
7594	0	0	0	0	0	0	0	0	0	0	0	0	0	0	0	0	0	0	0	0	0	0	0	0	0	0	0	0	0	0	0
54
54
54
54
54
54
54
54
54
54
54
54
54
54
54
54
54
54
54
54
54
54
54
54
54
54
54
54
54
54
54
54
54
54
54
54
54
54
54
54
54
54
54
54
54
54
54
54
54
54
54
54
54
54
54
54
54
54
54
54
54
54
54
54
54
54
54
54
54
54
54
54
54
54
54
54
54
54
54
54
54
54
54
54
54
54
54
54
54
54
54
54
54
54
54
54
54
54
54
54
54
54
54
54
54
54
54
54
54
54
54
54
54
54
54
54
54
54
54
54
54
54
54
54
54
54
54
54
54
54
54
54
54
54
54
54
54
54
54
54
54
54
54
54
54
54
54
54
7606	0	0	0	0	0	0	0	0	0	0	0	0	0	0	0	0	0	0	0	0	0	0	0	0	0	0	0	0	0	0	0
54
54
54
54
54
54
54
54
54
54
54
54
54
54
54
54
54
54
54
54
54
54
54
54
54
54
54
54
54
54
54
54
54
54
54
54
54
54
54
54
54
54
54
54
54
54
54
54
54
54
54
54
54
54
54
54
54
54
54
54
54
54
54
54
54
54
54
54
54
54
54
54
54
54
54
54
54
54
54
54
54
54
54
54
54
54
54
54
54
54
54
54
54
54
54
54
54
54
54
54
54
54
54
54
54
54
54
54
54
54
54
54
54
54
54
54
54
54
54
54
54
54
54
54
54
54
54
54
54
54
54
54
54
54
54
54
54
54
54
54
54
54
54
54
54
54
54

60035	23870	1	1	0	0	0	0	0	0	0	0	0	0	0	0	0	0	2	30	100	10	10	95	105	3000	7	8	9	10	1	4

60037	23870	1	0	0	0	0	0	0	0	0	0	0	0	0	0	0	0	2	30	100	10	10	95	105	3000	7	8	9	10	1	4
7615	7622	7628	7630	7632	7634	7636	7638	7640	7642	7644	7646	7648	7650	7652	7654	7656	7658	7660	7662	7665	7669	7672	7675	7678	7682	7687	7689	7691	7693	7696	7698
60040	23870	0	0	0	0	0	0	0	1	0	0	0	0	0	0	0	0	2	30	100	10	10	95	105	3000	7	8	9	10	1	4
60040	23870	0	0	0	0	0	0	0	1	0	0	0	0	0	0	0	0	2	30	100	10	10	95	105	3000	7	8	9	10	1	4
60040	23870	0	0	0	0	0	0	0	1	0	0	0	0	0	0	0	0	2	30	100	10	10	95	105	3000	7	8	9	10	1	4
60041	23870	0	0	0	0	0	0	0	0	0	0	0	0	0	0	0	0	2	30	100	10	10	95	105	3000	7	8	9	10	1	4
60037	23870	1	0	0	0	0	0	0	0	0	0	0	0	0	0	0	0	2	30	100	10	10	95	105	3000	7	8	9	10	1	4
60040	23870	0	0	0	0	0	0	0	1	0	0	0	0	0	0	0	0	2	30	100	10	10	95	105	3000	7	8	9	10	1	4
60040	23870	0	0	0	0	0	0	0	1	0	0	0	0	0	0	0	0	2	30	100	10	10	95	105	3000	7	8	9	10	1	4
60040	23870	0	0	0	0	0	0	0	1	0	0	0	0	0	0	0	0	2	30	100	10	10	95	105	3000	7	8	9	10	1	4
60041	23870	0	0	0	0	0	0	0	0	0	0	0	0	0	0	0	0	2	30	100	10	10	95	105	3000	7	8	9	10	1	4
